version https://git-lfs.github.com/spec/v1
oid sha256:c65327376ce5bf0848a0b8e92866d28d3e47785086e964a1f71597fc3867d471
size 208824338
